INDEX.

11198161, Μ81119113 611113, 289.
11198161, Μ1911891 filius, 351.
11198161, Osbertus 611113, 172, 274.
11198161, paganus filius, 163, 169.
11198161, Petrus 611113, 211.
11198161, Philippus 611113, 240.
Rieu-di, Radulphus 1111113, 117,184,
187, 289, 294, 303, 338,
Βῖωέοιῑῖςῑηαωυ. filius, 238.
11198161, 1119816113 filius, 231, 259,
Ricardi,2 Β115611111211113 filine, 102, 237,
1119816132ξοἐέ filius, 181, 240,
259, 289, 297, 369, 370.
11198161, Simon 611113, 152.
11198161, Stephanus 611113, 297.
11198161, Τ11011183 611113, 226, 309,
Βῑωᾱθᾷῑδὸιῑ filius, 237.
11198161, walterus 611113, 221.
11198161, werreis 611113, 42, 43.
11198161, willielmus 611113, 17, 76,
114, 123, 163, 171, 227,
239, 256, 258, 273, 279,
336, 345, 388.
11198161, Alexander pater, 49.
11198161, Robertus pater, 390.
11198161, 110 1113 pater, 415.
11198161, Ψ8111191111113 pater, 195,
1119816135641113115111111191, Stephanus
Rimdifhwsslligffisss 611113 91 119193
1101191ῑί filii, 42, 43.
11198161 Coffifi, Hugo avunculus,
1119816146192 'Bello Campo, walterus
6198161669ψῶοᾷ Hugo 611113,
111981614ρέ9 1303111106, Ν1911018113
Rimdiqiieufi'roffiwiuielmm 611113,
1119816141111 Βη11111011, willielmus
611113, 15, 16.
Ricardiltngave, willielmus 611113,

573

11198161 (19 0119161111οῆ, Robertus
Riwdifilae' izi-imbui, winidum„
Rimifigff 1111113, noberta„ finus,
111981618653 1181111193, Κ811193, Wil-
1191111113 filius, 24, 235, 395.
11198161 1811811, Sarra 11118, 385.
11198161 ‘de Lidesord‚ Johannes
11198161131111ι S’Mffie‘bmc, Fulco 611113,
11198161117991119119191, 11039103 611113,
1119816121ἓῲ 1119816113 1111113, 26.
1119816141ῧ119111, Radulphus 1111191,

11198161 Tanent, 1119816113 frater,
1119816113, 29, 34, 55, 128, 131,
142, 143, 151, 159, 160,
165, 167, 176, 177, 188,
197, 206, 237, 239, 240,
253, 266, 272, 273, 285,
290, 291, 368, 369, 375,
377, 379, 382, 394, 437.
1119816113 Rex, 1, 3, 29, 31, 38,
54, 59, 66, 83, 86, 95,
138, 159, 188, 202, 211,
214, 259, 306, 311, 320,
391, 396, 398, 401, 403,
422, 424, 430, 431, 433,
434, 439, 446, 449, 450.
1119816113 Α111183 Cin-ecem, Cin-en-
99311, 342, 348.
1119816113 Α191116189011113 6101199311,
1119816113 Capelianus, 45.
1119816113 Episcopus Wintofi, 73.
1119816113 611113 Adae, 149.
1119816113 611113 Ailbemi, 172.
1119816113 filius Alani, 314, 377.
1119816113 filius Aldani, 416.
1119816113 filius Al ⁶ 210.
1119816113 filius iciae, 69, 343,
1119816113 filius Λ1111191, 268.
1119816113 611113 Α 11, 193, 266.
1119816113 611113 devini, 264.

